#classification modulo RM(2,5)
anf=0
[10000 01000 00100 00010 00001]10000
[11000 01000 00100 00010 00001]00000
[00001 10000 01000 00100 00010]00000
stabSize=319979520
anf=abc
[11000 01000 00100 00010 00001]00000
[10000 01000 00100 00010 00001]10000
[01001 10001 00100 00010 00001]00000
[10000 01000 00100 00010 00001]10101
[10001 01001 00101 00010 00001]00001
[01001 10001 11101 00010 00001]11001
[00100 11100 10000 00010 00001]10100
[10000 01000 00100 00010 00001]11010
[10011 01011 00111 00001 00011]00011
[10011 01011 00111 00001 00010]00011
stabSize=2064384
anf=acd+abe
[11000 01000 00100 00010 00001]00000
[10000 01000 00100 00010 00001]10000
[10111 01111 00011 01001 01101]00000
[11010 01000 00100 00010 00001]00000
[10010 01010 01000 00111 00110]00010
[11011 00011 01101 00001 00100]01011
[11111 00111 01011 01101 01110]01111
stabSize=368640
anf=abcd
[01101 00010 01001 11000 00001]00000
[00100 01011 01001 11000 00001]00000
[11010 00010 00101 01000 00001]01010
stabSize=645120
anf=abcd+abe
[11110 10001 00100 00010 00001]10111
[01011 10011 00011 00100 00001]00100
[10100 01100 00100 00011 00001]00100
[10010 01010 00110 00010 00001]00010
[10001 01001 00111 00100 00001]00001
stabSize=18432
anf=abcd+bce+ade
[10101 01110 10000 11000 00001]10101
[10000 01000 00100 10011 00001]00000
[10101 11111 11011 00111 00001]11110
[11110 00110 01101 00010 00001]01110
stabSize=23040
anf=abcde
[01000 00100 00010 00001 11000]01000
[00001 10000 01000 00100 00010]00000
stabSize=9999360
anf=abc+abcde
[10110 01100 00111 00001 00010]00001
[10010 01010 00110 00010 00001]00010
[01011 10011 00100 00010 00001]00000
[11100 01010 00110 00001 00010]01100
[10111 10010 11100 00011 00010]00111
stabSize=64512
anf=acd+abe+abcde
[11011 00010 00001 01000 00110]01001
[10011 01000 00100 00010 00001]00011
[11010 00010 00001 01000 00100]01010
[10011 01011 00111 00010 00001]00011
[11111 00111 01011 01101 01110]01111
stabSize=11520
#Number of class : 9