
anf=abd+ace+ade+bcf+bdf+cef+abg+abcg+adg+bdg+abdg+aceg+fg+bcfg+defg
[1000000 0100000 0010000 0001000 0000100 0000010 0000001]1000000
[1100000 0100000 0010000 0001000 0000100 0000010 0000001]0000000
[0000001 1000000 0100000 0010000 0001000 0000100 0000010]0000000
stabSize=20972799094947840

anf=bcd+ace+bce+acf+abcf+bdf+cdf+aef+acef+cdef+abg+bdg+bceg+deg+fg+bdfg+aefg+befg
[1000000 0100000 0010000 0001000 0000100 0000010 0000001]1000000
[1100000 0100000 0010000 0001000 0000100 0000010 0000001]0000000
[0000001 1000000 0100000 0010000 0001000 0000100 0000010]0000000
stabSize=20972799094947840

anf=acd+bcd+ace+adf+abg+bdg+deg+fg
[1000000 0100000 0010000 0001000 0000100 0000010 0000001]1000000
[1100000 0100000 0010000 0001000 0000100 0000010 0000001]0000000
[0000001 1000000 0100000 0010000 0001000 0000100 0000010]0000000
stabSize=20972799094947840

anf=cde+adf+bdf+bef+bdg+aeg+fg+defg
[1000000 0100000 0010000 0001000 0000100 0000010 0000001]1000000
[1100000 0100000 0010000 0001000 0000100 0000010 0000001]0000000
[0000001 1000000 0100000 0010000 0001000 0000100 0000010]0000000
stabSize=20972799094947840
