anf=abd+ace+ade+bcf+bdf+cef+abg+abcg+adg+bdg+abdg+aceg+fg+bcfg+defg
[0010010 1111100 1010000 1011010 1001110 1011000 1001101]1100001
[0110110 0001010 0001000 0010000 1010000 1011100 1101101]1110110
#generator: 14 --> 2

stabSize=990904320
anf=bcd+ace+bce+acf+abcf+bdf+cdf+aef+acef+cdef+abg+bdg+bceg+deg+fg+bdfg+aefg+befg
[0001000 1110000 1011100 1000000 0100101 0011110 1110101]1010111
[1001000 1001001 1111001 1000000 0011000 0110010 0111100]0000110
#generator: 14 --> 2

stabSize=47185920
anf=acd+bcd+ace+adf+abg+bdg+deg+fg
[1001100 1010101 1100011 1001101 1001011 1010000 0001110]0010001
[1100111 1010001 1110000 0110101 1110101 0010011 0001011]0010111
#generator: 3 --> 2

stabSize=20972799094947840
anf=cde+adf+bdf+bef+bdg+aeg+fg+defg
[1000000 0110000 0100000 1101101 0110001 1110110 0110010]0000010
[0100000 1000000 1010000 1011001 0111100 0111011 1101111]1100000
#generator: 14 --> 2

stabSize=1775700541440
#change=4

